#UNCALIBRATED CUTOFFS FILE
COG0012	60	0	0
COG0016	60	0	0
COG0018	60	0	0
COG0048	60	0	0
COG0049	60	0	0
COG0052	60	0	0
COG0080	60	0	0
COG0081	60	0	0
COG0085	60	0	0
COG0087	60	0	0
COG0088	60	0	0
COG0090	60	0	0
COG0091	60	0	0
COG0092	60	0	0
COG0093	60	0	0
COG0094	60	0	0
COG0096	60	0	0
COG0097	60	0	0
COG0098	60	0	0
COG0099	60	0	0
COG0100	60	0	0
COG0102	60	0	0
COG0103	60	0	0
COG0124	60	0	0
COG0172	60	0	0
COG0184	60	0	0
COG0185	60	0	0
COG0186	60	0	0
COG0197	60	0	0
COG0200	60	0	0
COG0201	60	0	0
COG0202	60	0	0
COG0215	60	0	0
COG0256	60	0	0
COG0495	60	0	0
COG0522	60	0	0
COG0525	60	0	0
COG0533	60	0	0
COG0541	60	0	0
COG0552	60	0	0
